400 594 260
1 2
2 3
3 4
4 5
5 6
6 7
7 8
8 9
9 10
10 11
11 12
12 13
13 14
14 15
15 16
16 17
17 18
18 19
19 20
20 21
21 22
22 23
23 24
24 25
25 26
26 27
27 28
28 29
29 30
30 31
31 32
32 33
33 34
34 35
35 36
36 37
37 38
38 39
39 40
40 41
41 42
42 43
43 44
44 45
45 46
46 47
47 48
48 49
49 50
50 51
51 52
52 53
53 54
54 55
55 56
56 57
57 58
58 59
59 60
60 61
61 62
62 63
63 64
64 65
65 66
66 67
67 68
68 69
69 70
70 71
71 72
72 73
73 74
74 75
75 76
76 77
77 78
78 79
79 80
80 81
81 82
82 83
83 84
84 85
85 86
86 87
87 88
88 89
89 90
90 91
91 92
92 93
93 94
94 95
95 96
96 97
97 98
98 99
99 100
100 101
101 102
102 103
103 104
104 105
105 106
106 107
107 108
108 109
109 110
110 111
111 112
112 113
113 114
114 115
115 116
116 117
117 118
118 119
119 120
120 121
121 122
122 123
123 124
124 125
125 126
126 127
127 128
128 129
129 130
130 131
131 132
132 133
133 134
134 135
135 136
136 137
137 138
138 139
139 140
140 141
141 142
142 143
143 144
144 145
145 146
146 147
147 148
148 149
149 150
150 151
151 152
152 153
153 154
154 155
155 156
156 157
157 158
158 159
159 160
160 161
161 162
162 163
163 164
164 165
165 166
166 167
167 168
168 169
169 170
170 171
171 172
172 173
173 174
174 175
175 176
176 177
177 178
178 179
179 180
180 181
181 182
182 183
183 184
184 185
185 186
186 187
187 188
188 189
189 190
190 191
191 192
192 193
193 194
194 195
195 196
196 197
197 198
198 199
199 200
200 201
200 202
200 203
200 204
200 205
200 206
200 207
200 208
200 209
200 210
200 211
200 212
200 213
200 214
200 215
200 216
200 217
200 218
200 219
200 220
200 221
200 222
200 223
200 224
200 225
200 226
200 227
200 228
200 229
200 230
200 231
200 232
200 233
200 234
200 235
200 236
200 237
200 238
200 239
200 240
200 241
200 242
200 243
200 244
200 245
200 246
200 247
200 248
200 249
200 250
200 251
200 252
200 253
200 254
200 255
200 256
200 257
200 258
200 259
200 260
200 261
200 262
200 263
200 264
200 265
200 266
200 267
200 268
200 269
200 270
200 271
200 272
200 273
200 274
200 275
200 276
200 277
200 278
200 279
200 280
200 281
200 282
200 283
200 284
200 285
200 286
200 287
200 288
200 289
200 290
200 291
200 292
200 293
200 294
200 295
200 296
200 297
200 298
200 299
200 300
200 301
200 302
200 303
200 304
200 305
200 306
200 307
200 308
200 309
200 310
200 311
200 312
200 313
200 314
200 315
200 316
200 317
200 318
200 319
200 320
200 321
200 322
200 323
200 324
200 325
200 326
200 327
200 328
200 329
200 330
200 331
200 332
200 333
200 334
200 335
200 336
200 337
200 338
200 339
200 340
200 341
200 342
200 343
200 344
200 345
200 346
200 347
200 348
200 349
200 350
200 351
200 352
200 353
200 354
200 355
200 356
200 357
200 358
200 359
200 360
200 361
200 362
200 363
200 364
200 365
200 366
200 367
200 368
200 369
200 370
200 371
200 372
200 373
200 374
200 375
200 376
200 377
200 378
200 379
200 380
200 381
200 382
200 383
200 384
200 385
200 386
200 387
200 388
200 389
200 390
200 391
200 392
200 393
200 394
200 395
200 396
200 397
200 398
200 399
200 400
202 200
203 200
204 200
205 200
206 200
207 200
208 200
209 200
210 200
211 200
213 200
214 200
215 200
216 200
217 200
218 200
219 200
220 200
221 200
222 200
223 200
224 200
225 200
226 200
227 200
228 200
229 200
230 200
231 200
232 200
233 200
234 200
235 200
236 200
237 200
238 200
239 200
240 200
241 200
242 200
243 200
244 200
245 200
246 200
247 200
248 200
249 200
250 200
251 200
252 200
253 200
254 200
255 200
256 200
257 200
258 200
259 200
260 200
261 200
262 200
263 200
264 200
265 200
266 200
267 200
268 200
269 200
270 200
271 200
272 200
273 200
274 200
275 200
276 200
277 200
278 200
279 200
280 200
281 200
282 200
283 200
284 200
285 200
286 200
287 200
288 200
289 200
290 200
291 200
292 200
293 200
294 200
295 200
296 200
297 200
298 200
299 200
300 200
301 200
302 200
303 200
304 200
305 200
306 200
307 200
308 200
309 200
310 200
311 200
312 200
313 200
314 200
315 200
316 200
317 200
318 200
319 200
320 200
321 200
322 200
323 200
324 200
326 200
327 200
328 200
329 200
330 200
331 200
332 200
333 200
334 200
335 200
336 200
337 200
338 200
339 200
340 200
341 200
342 200
343 200
344 200
345 200
346 200
347 200
348 200
349 200
350 200
351 200
352 200
353 200
354 200
355 200
356 200
357 200
358 200
359 200
360 200
361 200
362 200
363 200
364 200
365 200
366 200
367 200
368 200
369 200
370 200
371 200
372 200
373 200
374 200
375 200
376 200
377 200
378 200
379 200
380 200
382 200
383 200
384 200
385 200
386 200
388 200
389 200
390 200
391 200
392 200
393 200
394 200
395 200
396 200
397 200
398 200
399 200
400 200
1 3 7 8 16 17 19 20 24 27 28 31 32 33 34 35 38 39 41 42 43 45 46 47 49 51 54 55 57 58 60 62 63 68 71 78 81 82 84 86 87 89 90 93 95 96 98 102 103 104 105 106 108 109 110 111 114 115 116 117 118 119 120 124 125 128 129 132 133 134 136 143 145 148 151 157 158 160 163 165 167 169 170 171 173 176 177 178 179 181 182 184 186 189 190 196 199 200 201 203 204 205 206 207 208 210 211 212 213 214 216 217 219 221 222 223 224 225 226 227 229 230 231 232 233 234 235 237 238 239 242 243 244 246 247 248 249 250 251 252 253 254 256 257 261 262 263 264 267 268 269 272 274 275 276 277 278 279 280 281 282 283 284 285 286 287 288 289 290 291 292 295 297 298 299 301 303 304 305 306 307 309 310 311 312 313 315 316 317 318 319 320 321 322 323 324 326 327 328 329 330 331 332 333 334 335 337 339 340 341 342 343 344 345 346 347 348 350 351 352 353 354 355 356 358 359 360 361 364 365 367 368 369 370 372 373 374 375 376 377 378 379 380 382 384 385 386 387 388 389 390 391 392 393 395 396 397 398 399 400
