1004 3541 557
1 46
1 7
1 2
1 31
1 81
1 75
1 43
1 512
2 55
2 999
2 971
3 84
3 88
3 1002
4 74
4 76
4 14
4 50
4 26
4 241
4 236
5 22
5 95
5 242
5 993
6 18
6 2
6 58
6 571
7 98
7 73
7 77
7 29
7 62
7 71
8 567
9 47
9 69
9 65
9 803
10 55
10 26
10 77
11 99
11 875
12 18
12 87
12 4
12 970
13 73
13 31
13 81
14 6
14 32
14 762
15 37
15 17
15 1
15 25
15 348
15 454
16 593
16 845
18 72
18 59
18 63
18 35
19 33
19 66
19 74
19 60
19 70
19 978
20 796
21 100
21 40
21 59
21 84
21 68
21 768
22 40
22 56
22 956
23 36
23 5
23 88
23 95
23 75
23 9
23 199
24 2
24 83
24 57
24 52
26 49
26 1
26 47
26 28
27 85
27 55
28 84
28 60
28 70
28 966
29 17
29 29
30 65
30 2
30 87
30 51
31 86
31 63
31 78
31 59
31 100
32 72
32 58
32 207
32 470
32 783
33 45
33 73
33 64
33 20
34 8
34 75
34 13
34 764
35 52
35 285
36 77
36 7
36 66
36 233
36 823
36 805
37 81
37 22
37 2
38 65
38 22
38 506
39 14
39 715
40 6
40 16
40 39
40 85
40 639
41 25
41 36
41 7
41 62
41 527
42 85
42 98
43 236
43 777
43 862
44 74
44 40
44 71
44 741
44 851
45 80
45 72
45 66
45 86
46 60
46 84
46 44
47 61
47 97
47 1
47 55
47 70
47 396
47 571
47 568
48 74
48 71
48 46
48 62
48 425
48 724
49 34
49 63
49 77
49 59
50 97
50 56
50 64
50 89
50 50
50 37
51 46
51 49
51 84
51 44
51 10
51 2
51 45
51 368
51 545
51 844
52 87
52 48
52 18
52 177
52 827
53 58
53 38
53 28
53 91
54 43
55 100
55 18
55 70
55 507
55 1003
55 979
56 97
56 50
56 52
56 597
56 979
57 48
57 39
57 69
57 393
58 6
58 60
58 69
58 72
58 402
58 588
59 23
59 52
59 73
59 35
59 85
59 17
59 2
59 191
59 236
59 512
59 576
59 568
59 981
60 2
60 64
60 40
60 294
61 59
61 85
61 773
61 798
62 574
62 997
63 72
63 25
63 474
64 3
64 30
64 16
64 100
64 8
64 94
64 366
64 763
65 83
65 30
65 72
65 544
66 3
66 71
66 51
66 12
66 40
67 8
67 745
68 5
68 350
68 328
68 596
68 812
68 950
69 57
70 54
71 18
71 49
71 57
71 16
71 85
71 435
71 516
71 809
71 922
72 77
72 59
72 3
72 838
73 31
73 235
74 69
74 86
74 85
74 16
75 45
75 43
76 100
76 51
76 65
76 242
77 94
77 11
77 334
78 20
78 77
78 97
79 50
79 20
79 25
79 31
79 588
80 25
81 2
81 1
81 13
81 236
82 22
82 8
82 47
82 70
82 289
83 75
83 323
83 463
84 42
84 8
84 355
84 959
85 91
85 59
85 32
85 54
85 474
86 18
86 98
86 35
86 17
86 77
86 460
87 89
87 50
87 3
87 20
87 31
87 759
88 64
88 41
88 45
89 36
89 75
89 16
90 395
90 489
91 41
91 81
91 65
91 91
92 2
92 35
92 530
93 90
93 21
93 87
93 542
93 582
94 31
94 81
94 64
94 94
94 537
95 15
95 90
95 381
95 860
96 98
96 34
96 51
97 56
97 26
97 38
97 68
97 574
98 12
98 46
98 27
98 493
98 752
99 100
99 4
99 33
99 22
100 48
100 41
100 88
100 22
100 376
100 729
101 146
101 109
101 368
102 129
102 104
102 106
102 356
102 830
103 111
103 110
103 121
104 147
104 136
105 105
105 114
105 569
105 948
105 967
106 131
106 146
106 129
106 125
107 137
107 136
107 106
107 150
107 135
108 128
108 125
108 142
108 363
109 112
109 113
109 120
109 147
109 234
109 1001
110 123
110 462
111 111
111 118
111 136
111 126
111 234
111 786
112 128
112 136
112 123
112 143
112 933
113 109
113 147
113 153
113 537
113 748
114 138
114 124
114 120
114 123
115 108
115 123
115 106
115 114
115 819
116 135
116 110
117 134
117 131
118 127
118 152
118 143
118 199
118 787
119 141
119 146
120 102
120 153
120 109
120 123
120 105
120 356
120 831
121 130
121 728
122 119
122 136
122 114
122 151
123 101
123 143
123 151
123 138
123 114
123 142
123 234
123 529
123 501
124 104
124 135
124 802
125 153
125 117
125 221
125 745
126 140
126 136
126 103
126 353
126 473
127 342
128 117
128 115
128 110
128 114
129 140
129 142
129 127
129 144
129 134
129 103
130 116
130 858
130 979
132 140
132 142
132 121
133 145
133 110
133 138
133 142
133 152
133 114
133 564
133 994
134 110
134 115
134 554
135 116
135 119
135 142
135 124
135 370
135 596
135 593
136 129
136 109
136 637
137 134
137 146
137 117
137 138
137 971
138 131
138 110
138 120
138 112
139 149
139 111
140 134
140 106
140 150
140 117
141 142
141 147
141 139
141 141
141 153
142 114
142 136
143 111
143 119
143 102
143 105
144 142
144 113
144 431
144 565
144 878
145 138
145 146
145 421
145 999
146 126
146 642
147 108
147 146
147 128
147 148
147 142
148 115
148 117
148 492
149 123
149 147
149 134
149 110
149 414
149 480
149 578
150 144
150 104
150 138
150 840
151 106
151 145
152 101
152 140
152 131
153 136
153 110
154 227
154 231
154 213
154 182
154 211
155 163
155 155
155 212
155 208
155 218
155 173
155 329
156 227
156 159
156 175
156 170
156 181
156 158
156 470
156 934
157 212
157 191
157 210
157 183
157 171
157 196
157 168
157 169
157 208
157 615
158 194
158 181
158 208
158 209
159 176
159 200
159 197
159 330
159 843
160 174
160 202
160 221
160 222
160 168
160 976
161 176
161 201
161 156
161 358
161 532
161 822
162 155
162 202
162 211
163 215
163 216
163 199
163 192
163 155
163 883
164 213
164 176
164 188
164 185
164 181
164 197
164 678
165 221
165 208
165 171
165 230
165 201
165 972
166 158
166 184
166 175
166 210
167 168
167 230
167 164
167 203
167 747
168 195
168 171
168 198
168 170
168 168
168 996
168 989
168 1000
169 170
169 161
169 942
170 177
170 202
170 230
170 353
170 570
171 187
171 214
171 216
171 219
171 727
171 832
171 920
172 217
172 198
172 185
172 437
172 534
173 222
173 193
173 182
173 173
173 197
173 175
174 220
174 154
174 157
174 231
174 164
174 739
174 901
175 215
175 220
175 336
176 168
176 207
176 160
176 214
176 156
177 196
177 178
177 158
177 213
177 219
177 518
178 162
178 768
179 167
179 226
180 189
180 200
181 202
181 194
181 165
181 180
181 226
181 198
182 159
182 179
182 220
182 229
182 165
182 175
182 238
182 756
183 200
183 216
183 195
183 214
184 164
185 186
185 201
185 208
185 183
185 200
185 171
185 242
185 982
186 229
186 206
186 156
186 228
186 217
186 839
187 165
187 223
187 155
188 203
188 223
188 211
188 229
188 191
188 155
188 330
188 714
189 184
189 188
189 511
190 207
190 203
190 167
191 163
191 154
191 217
192 193
192 170
192 228
192 167
192 230
192 184
192 155
192 157
192 218
192 582
193 171
193 227
193 191
193 181
193 228
193 179
194 222
194 163
195 212
195 185
195 227
195 617
196 195
196 222
196 211
196 164
196 187
196 191
196 585
196 834
197 177
197 183
197 659
198 169
198 178
198 206
198 712
199 167
199 171
199 156
199 176
199 564
200 193
200 221
200 167
200 231
200 190
200 154
200 228
200 171
200 239
201 203
201 163
201 206
201 186
201 205
201 204
201 162
202 222
202 726
202 715
202 965
203 191
203 203
203 836
204 203
204 170
205 167
205 198
205 186
205 170
206 199
206 224
206 189
206 208
206 213
206 205
206 859
206 976
207 183
207 185
207 228
207 175
207 169
207 154
207 592
208 200
208 438
208 594
208 967
209 229
209 593
210 180
210 183
210 202
210 164
210 967
210 984
211 220
211 154
211 216
211 217
211 175
211 367
212 198
212 217
212 371
212 573
212 841
213 191
213 155
213 211
213 159
213 232
213 832
214 185
214 162
214 170
214 187
214 193
214 176
214 213
214 757
214 941
215 179
215 166
215 155
215 198
215 173
215 326
215 789
215 968
216 167
216 215
216 194
216 200
216 169
217 166
218 173
218 225
218 223
218 391
218 795
219 223
219 169
219 174
219 332
219 352
220 224
220 164
220 158
220 186
220 178
220 563
221 228
221 176
221 527
222 226
223 211
223 202
223 216
223 156
223 194
223 385
224 162
224 163
224 213
224 226
224 227
224 939
225 178
225 215
225 191
225 158
225 190
225 863
226 164
226 232
226 209
226 990
227 174
227 177
227 181
228 164
228 197
228 206
228 221
228 230
228 575
229 205
229 212
230 257
230 580
231 161
231 221
231 176
231 194
231 178
231 190
231 765
231 869
231 969
232 209
232 221
232 157
232 455
232 884
232 1000
233 237
233 999
234 352
234 417
235 233
236 239
237 234
237 241
237 233
237 866
238 241
239 241
239 737
239 1001
240 428
240 572
241 242
242 234
242 449
243 363
245 280
245 282
245 473
245 587
245 753
247 367
247 838
248 248
248 262
248 268
248 345
249 314
249 271
249 476
250 275
251 246
252 248
252 965
253 251
253 287
253 304
253 290
253 415
253 424
253 855
253 893
254 302
254 307
254 808
255 269
255 580
256 266
256 250
257 274
257 313
257 509
258 293
258 471
259 320
260 764
261 275
261 260
262 255
263 294
263 278
264 292
265 246
266 274
266 437
266 576
267 267
267 687
267 813
268 269
268 246
269 320
269 272
269 792
270 299
270 460
270 984
271 273
271 901
274 685
275 255
275 274
276 244
276 802
277 586
278 324
278 590
279 305
280 325
280 250
280 795
281 862
281 992
283 496
283 779
284 301
284 462
285 916
286 279
286 855
286 917
287 273
287 325
287 310
287 315
287 594
288 325
289 324
291 862
292 244
292 275
292 843
293 290
293 503
293 585
293 698
293 687
293 774
294 293
294 263
294 251
295 317
295 567
295 768
295 859
296 255
297 267
297 924
298 988
299 767
300 244
300 276
301 266
301 368
301 819
301 760
301 863
301 1004
302 723
302 851
303 295
303 263
303 756
305 786
306 312
307 333
309 444
309 562
309 594
310 376
310 567
310 1003
311 245
311 302
311 423
312 260
312 314
312 517
313 311
314 262
314 412
314 586
314 634
315 256
315 244
316 928
317 263
317 973
318 582
318 764
319 244
320 260
322 259
322 310
323 262
323 301
323 405
323 578
324 394
324 902
325 668
326 353
326 343
326 352
327 350
327 353
327 345
327 340
327 892
328 350
328 333
328 332
329 349
329 331
329 343
329 330
329 348
329 342
329 439
329 448
330 350
330 332
330 327
330 344
330 333
330 840
331 353
331 351
331 343
331 326
331 340
331 341
331 440
331 567
332 327
332 333
332 353
332 733
332 766
333 349
333 344
333 354
333 345
333 327
334 326
334 348
334 331
334 332
335 340
335 330
335 351
335 334
336 354
336 341
336 353
336 340
336 332
336 346
336 330
336 522
337 340
337 336
337 350
337 333
337 348
337 339
337 329
337 354
337 338
337 346
338 330
338 337
338 327
338 346
338 326
339 349
339 347
339 330
339 724
340 329
340 351
340 342
340 353
340 348
341 333
341 342
341 332
341 352
341 542
342 331
342 329
342 330
342 350
342 336
342 341
342 327
342 342
342 349
343 342
343 344
343 335
343 331
343 332
343 343
343 349
343 330
343 326
343 345
343 506
343 563
344 349
344 334
344 350
344 336
344 345
344 390
345 326
345 339
345 337
345 348
346 338
346 353
346 694
346 834
346 845
346 960
347 343
347 335
347 346
347 344
347 549
348 330
348 343
348 331
348 332
348 336
348 341
348 359
348 751
348 966
349 330
349 335
349 336
349 331
349 814
349 900
350 333
350 330
350 348
350 326
350 349
350 337
350 335
351 341
351 330
351 353
351 328
352 333
352 345
352 331
352 353
352 335
353 328
353 352
353 349
353 347
353 350
353 332
353 838
354 328
354 331
355 382
355 823
356 439
357 389
357 381
358 393
359 451
359 356
359 362
359 452
359 731
359 864
359 972
360 452
360 435
360 585
361 359
361 741
361 766
362 394
362 441
362 428
363 380
363 379
363 431
363 573
363 807
363 808
364 421
364 406
364 404
365 409
365 449
365 854
365 992
365 970
366 421
366 428
366 383
367 371
367 447
367 427
367 432
367 386
367 888
368 375
368 411
369 414
369 408
369 768
370 369
370 934
371 375
371 417
371 392
371 471
371 857
372 355
372 369
372 449
372 457
372 781
373 366
373 371
373 401
373 431
373 424
373 448
373 383
373 928
374 356
374 429
374 434
374 407
374 588
375 403
375 376
375 595
376 939
376 1003
377 374
377 383
378 432
378 490
379 382
379 416
380 391
381 359
381 365
383 362
383 406
383 403
383 445
383 568
383 982
384 355
384 368
385 425
385 400
386 427
386 982
387 380
388 446
389 426
389 516
389 593
389 726
390 425
390 356
392 420
392 377
392 362
392 386
392 818
392 752
393 412
393 373
394 416
394 435
394 453
395 417
395 357
395 414
395 390
395 437
396 410
396 359
397 390
397 562
397 830
398 368
398 416
398 415
398 588
399 858
400 408
400 366
400 757
401 439
402 443
402 395
402 406
402 377
402 829
403 421
403 596
404 444
404 395
404 368
404 399
404 394
404 357
404 390
404 854
406 370
406 406
406 392
407 443
407 367
408 370
409 448
409 427
409 410
410 374
410 416
410 379
411 708
412 697
412 806
413 431
413 972
414 376
414 437
414 403
414 371
415 414
415 583
416 445
416 374
417 390
417 413
417 980
418 429
419 391
419 419
419 381
419 421
420 408
420 396
420 423
420 376
422 436
423 397
423 364
423 420
423 756
424 369
425 359
425 369
425 383
425 731
426 366
426 419
426 410
426 360
426 787
426 755
427 372
427 403
427 833
428 402
429 447
429 401
429 366
430 366
431 433
431 863
432 359
432 863
433 424
433 379
433 724
433 828
434 367
434 515
435 368
435 357
435 436
435 413
436 387
437 439
438 553
438 797
438 983
439 386
439 430
439 564
440 409
440 535
441 433
441 502
441 577
442 437
442 713
443 403
443 366
443 382
443 611
444 592
444 774
445 407
445 851
446 406
446 378
446 443
446 595
446 569
447 433
448 422
448 417
448 357
448 804
449 389
449 431
449 386
449 384
449 783
450 426
451 362
451 391
452 448
452 704
453 456
453 460
453 453
453 467
453 457
453 838
454 472
454 458
454 466
454 455
454 453
454 460
454 454
454 770
455 459
455 453
455 454
455 470
455 461
455 456
455 580
456 455
456 469
456 463
456 453
456 457
456 462
456 975
457 456
457 466
457 454
457 458
457 462
458 469
458 462
458 454
458 463
458 964
459 472
459 458
459 469
459 461
459 465
459 464
459 454
459 868
460 461
460 458
460 459
460 454
460 469
460 456
461 455
461 458
461 471
461 463
461 464
461 465
461 466
461 472
461 468
461 457
462 464
462 463
462 468
462 471
462 454
462 594
463 472
463 467
463 456
463 463
463 471
463 453
463 470
463 460
463 468
463 465
463 459
464 455
464 465
464 458
464 994
465 463
465 462
465 470
465 464
465 460
465 472
465 965
466 460
466 461
466 466
466 465
466 454
466 472
466 579
467 459
467 461
467 458
467 471
467 469
467 456
467 464
467 463
467 567
467 972
468 468
468 458
468 462
468 454
468 878
469 456
469 460
469 463
469 464
469 462
469 469
469 791
470 455
470 465
470 462
470 457
470 471
470 759
471 456
471 462
471 454
471 692
472 469
472 470
472 459
472 471
472 455
472 458
472 460
472 834
473 825
474 538
474 508
474 497
474 499
474 569
474 701
475 504
475 516
475 973
475 990
476 538
477 553
477 555
477 490
477 522
477 584
477 728
477 752
478 528
479 537
479 549
479 474
479 560
480 533
480 522
480 735
480 823
481 518
481 561
481 521
481 510
481 558
481 497
481 545
481 550
481 907
482 544
482 540
483 530
484 503
484 477
485 526
486 496
486 593
487 488
487 487
487 512
487 939
488 540
489 531
489 500
490 517
491 518
492 483
492 975
494 523
494 498
494 755
495 515
495 555
495 546
496 532
496 555
496 551
496 565
496 761
496 860
497 559
497 566
498 521
498 536
499 577
499 773
500 530
500 534
500 588
500 704
500 783
501 526
501 506
501 864
501 929
502 568
503 473
503 560
503 543
504 486
504 480
505 546
505 479
505 477
506 529
506 518
506 508
506 501
506 497
506 500
506 842
507 558
507 534
507 693
508 561
508 745
509 544
509 561
509 556
509 847
510 520
510 587
510 966
511 547
511 499
511 986
512 531
512 517
512 915
512 968
513 488
513 491
513 497
513 521
514 500
515 551
515 966
516 527
516 499
516 976
517 528
517 527
518 553
519 507
519 929
519 965
520 501
520 543
520 500
520 509
521 553
521 545
521 973
522 474
522 482
523 549
523 525
524 546
524 555
525 512
525 481
525 505
526 847
527 524
527 515
528 519
528 533
529 500
529 491
529 488
531 492
531 910
532 510
532 511
532 529
532 497
532 720
532 808
533 478
533 502
533 782
533 993
535 489
535 500
535 485
535 549
535 544
536 549
537 473
537 793
538 498
538 484
539 529
539 589
540 526
540 497
541 480
542 529
543 511
543 514
543 491
544 528
544 507
544 477
544 497
544 829
547 550
548 500
548 548
549 561
549 473
549 527
550 516
550 491
551 517
551 504
551 501
551 590
551 989
552 536
552 513
552 534
552 483
553 523
553 482
553 478
553 493
553 534
553 541
554 557
555 503
555 516
556 500
556 506
556 498
556 528
557 496
557 482
557 836
558 483
559 514
559 486
559 488
561 853
562 576
562 588
562 580
563 577
563 587
563 563
563 569
564 586
564 589
565 595
566 582
566 570
566 596
567 575
568 581
568 586
568 564
568 699
569 596
570 582
570 564
570 578
570 587
570 593
571 589
571 562
571 587
571 862
572 594
572 589
573 594
573 802
574 562
574 580
574 579
574 573
575 564
575 563
575 566
575 572
576 562
576 595
576 572
576 568
576 577
577 580
577 579
578 585
578 568
578 563
578 566
578 591
579 588
579 566
579 596
579 563
580 576
580 586
581 575
581 571
581 596
581 584
581 587
581 588
582 590
582 573
582 571
582 595
583 571
583 583
584 571
584 588
584 583
584 744
585 576
585 573
585 595
585 566
585 909
586 578
586 577
586 562
586 569
586 565
587 576
588 596
589 574
589 578
589 572
590 595
590 591
590 583
590 713
591 563
592 562
592 578
592 564
592 573
592 584
593 581
594 582
594 577
594 576
594 566
595 562
595 829
596 581
596 595
596 596
596 592
596 583
596 585
597 687
597 876
599 618
599 616
600 604
601 770
602 677
603 661
604 663
605 670
606 605
610 803
611 898
613 614
614 721
614 998
615 658
616 671
616 821
616 751
619 647
619 601
620 631
620 778
620 991
620 965
622 645
622 680
623 626
624 608
626 614
626 599
626 648
626 742
627 669
628 809
628 813
628 852
629 681
630 665
631 601
632 605
632 711
632 965
633 657
634 636
634 774
634 990
636 627
636 640
637 666
638 660
638 665
638 628
639 621
639 618
640 675
640 657
640 629
641 662
641 649
641 985
642 637
642 663
642 856
643 865
644 603
644 615
645 601
645 683
646 615
646 825
647 610
648 597
649 639
649 615
650 641
650 847
652 629
652 690
653 607
654 619
656 597
656 951
657 775
657 753
657 965
658 997
659 673
660 681
660 998
661 703
662 664
662 645
662 642
662 712
662 826
663 617
666 635
667 666
667 609
668 680
668 979
669 640
669 632
670 676
670 838
670 862
671 625
671 772
671 965
673 612
673 890
674 627
674 620
674 598
674 607
674 927
674 976
675 635
675 629
675 615
675 670
677 663
677 628
678 712
679 636
679 627
679 747
680 629
681 650
682 713
682 721
682 745
682 687
682 740
682 751
683 727
683 735
683 692
683 729
684 713
684 743
684 682
684 744
684 690
684 730
685 717
685 733
685 683
685 708
685 719
685 715
685 702
685 689
685 724
686 691
686 718
686 740
686 719
686 713
686 709
687 749
687 700
687 705
687 690
687 706
688 714
688 696
688 692
688 685
688 684
689 743
689 703
689 722
690 748
690 728
690 744
690 740
690 705
691 716
691 688
691 743
691 686
691 685
691 691
691 698
691 721
691 687
691 725
692 720
692 729
692 702
693 740
693 715
693 722
693 690
693 745
693 698
693 694
693 744
694 717
694 719
694 749
694 720
694 734
694 737
695 727
695 696
695 689
695 720
696 718
696 723
696 709
696 704
696 715
696 714
696 727
696 682
697 735
697 719
697 714
697 708
697 991
698 718
698 717
698 748
698 742
698 724
698 694
699 739
699 748
699 701
699 732
699 687
699 718
699 706
699 741
699 825
700 712
700 721
700 729
700 696
700 738
700 730
701 700
701 684
701 717
701 683
701 766
702 741
702 691
702 727
702 717
702 726
702 716
702 739
702 686
702 695
702 725
702 710
703 724
703 714
703 692
703 701
703 708
703 741
703 749
703 697
703 704
704 701
704 714
704 732
704 738
704 735
705 724
705 745
705 700
705 718
705 982
706 731
706 685
706 744
706 682
706 705
706 703
706 683
706 748
707 683
707 697
707 725
707 732
707 734
707 718
707 702
707 688
707 723
707 687
708 735
708 721
709 742
709 719
709 704
709 708
709 718
709 705
709 693
709 714
709 749
709 722
709 745
710 715
710 711
710 741
710 699
710 700
710 884
711 711
711 722
711 750
712 695
712 724
712 708
712 684
712 744
712 693
713 696
713 745
713 742
713 683
713 702
713 708
714 682
714 748
714 713
714 740
714 736
714 690
714 693
714 769
715 739
715 732
715 713
715 721
715 717
715 693
715 689
715 703
715 740
716 723
716 737
716 713
716 750
716 714
716 696
716 692
716 706
716 738
717 684
717 729
717 690
718 710
718 696
718 688
718 699
719 747
719 705
719 691
719 736
719 683
719 688
720 728
720 714
720 732
720 866
721 707
721 701
721 747
721 698
721 688
722 739
722 691
722 713
722 697
722 703
722 990
723 744
723 709
723 729
723 701
723 730
723 706
724 683
724 694
724 707
724 720
724 747
725 741
725 738
725 697
725 728
726 696
726 694
726 745
726 736
726 705
726 740
726 723
727 718
727 739
727 699
727 696
727 725
728 686
728 718
728 704
728 740
728 728
729 684
729 718
729 749
729 720
729 764
729 998
730 719
730 736
730 690
730 743
730 718
731 691
731 733
731 718
731 748
731 725
731 700
731 692
732 736
732 690
732 721
732 742
732 749
732 726
732 750
732 723
732 709
732 806
733 684
733 683
733 743
733 741
733 737
733 708
733 746
733 686
733 719
733 820
734 683
734 689
734 707
734 745
734 717
734 723
734 691
734 719
734 715
735 747
735 739
735 725
735 697
735 734
735 748
736 731
736 693
736 728
736 736
736 747
736 734
737 702
737 719
737 707
737 717
737 683
737 697
737 739
738 692
738 689
738 695
738 700
739 682
739 724
739 696
739 716
739 844
740 689
740 687
740 713
740 712
740 711
740 1002
741 702
741 705
741 710
741 748
741 706
741 749
741 744
741 693
741 737
742 711
742 745
742 735
742 718
742 998
743 694
743 740
743 748
743 735
743 745
744 684
744 742
744 695
744 698
744 735
744 732
744 718
744 714
745 689
745 682
745 708
745 707
745 724
745 683
745 706
745 780
745 818
745 852
746 698
746 713
746 707
746 720
746 748
746 726
747 736
747 721
747 749
747 745
747 704
747 711
748 686
748 684
748 708
748 783
749 694
749 687
749 693
749 742
749 747
750 707
750 698
750 731
750 736
750 719
750 748
750 702
750 713
751 752
751 775
751 822
752 793
752 784
752 792
752 823
753 781
753 821
753 788
753 763
753 797
753 774
753 1000
754 809
754 774
754 808
754 761
754 789
755 815
755 754
755 794
755 827
755 788
756 800
756 816
756 774
756 814
756 792
756 773
757 806
757 785
757 795
757 801
757 766
758 785
758 804
759 789
759 822
759 821
760 773
760 771
760 754
761 803
761 811
761 784
761 828
761 792
761 822
762 780
762 766
762 825
764 788
764 809
764 826
765 793
765 765
765 784
765 829
766 797
766 779
766 757
766 835
767 754
767 755
767 824
767 789
767 806
767 751
767 999
768 809
768 763
768 784
768 801
769 756
769 752
769 779
769 803
769 775
769 954
771 807
771 827
771 808
771 790
771 960
772 769
772 761
772 807
772 768
772 845
773 797
773 788
773 789
774 780
774 818
774 795
774 809
774 796
774 781
775 768
775 798
775 818
776 804
777 780
777 803
777 753
778 797
778 765
779 801
779 768
779 803
779 779
780 761
780 827
780 768
780 804
780 795
780 808
781 778
781 811
782 996
783 820
783 769
783 775
783 802
784 762
784 818
785 800
785 760
785 807
785 774
785 762
785 776
785 799
785 828
785 766
785 751
785 816
786 784
786 788
787 753
787 808
787 803
788 808
788 774
788 849
789 824
789 805
789 822
789 756
789 767
790 769
790 772
790 788
790 763
790 807
790 799
790 770
790 802
791 813
792 805
792 781
792 818
792 808
792 789
792 799
793 820
793 800
793 804
793 753
794 811
794 772
794 784
794 830
795 786
795 788
795 840
796 792
796 752
796 765
796 785
796 827
796 758
797 828
797 763
797 795
797 786
797 767
798 805
798 794
798 790
798 786
798 931
799 792
799 800
799 787
800 818
800 799
800 794
800 903
801 773
801 804
801 796
801 828
801 774
801 998
802 760
802 813
802 793
802 763
802 806
802 752
802 802
802 805
802 827
803 767
803 805
803 780
803 784
803 813
803 812
804 763
804 796
804 787
804 813
804 849
805 765
805 823
805 824
805 807
805 792
805 770
806 774
806 821
806 827
806 819
807 795
807 755
807 992
808 782
808 755
808 822
808 776
808 793
808 972
809 804
809 790
809 799
809 792
810 812
810 824
810 821
810 804
810 772
811 786
811 807
811 812
812 813
812 759
813 804
813 781
813 803
813 820
813 818
813 791
813 785
813 788
814 781
814 782
814 764
814 772
815 793
815 782
815 757
815 776
815 765
816 773
816 754
816 767
816 755
816 814
816 807
817 801
817 815
818 824
818 821
818 822
818 795
818 809
819 823
819 756
819 797
820 756
820 810
820 814
820 781
820 964
821 797
822 757
822 758
822 781
822 776
822 763
822 764
823 801
823 763
823 770
823 792
823 820
823 976
824 826
824 792
824 758
824 786
825 803
825 752
825 754
826 813
826 764
826 784
826 815
827 806
827 826
827 818
827 756
827 800
827 971
828 783
828 821
828 804
828 807
828 761
829 849
829 857
829 846
829 855
830 851
830 857
830 863
830 991
831 831
831 845
831 834
831 838
831 863
832 844
832 862
832 832
832 856
832 857
832 853
833 851
833 856
834 860
834 861
834 855
834 842
835 855
835 860
835 864
835 865
835 858
835 983
836 852
836 848
836 839
836 834
837 845
837 843
837 856
837 839
837 836
837 848
838 867
838 979
839 847
839 865
839 859
839 864
840 847
840 849
840 834
841 831
841 867
842 843
842 837
842 844
842 857
842 847
842 911
843 830
843 850
843 863
844 833
845 859
845 867
845 856
846 867
846 844
846 856
846 837
846 851
847 850
847 851
848 849
848 861
848 851
848 843
848 850
849 832
849 839
849 853
849 836
849 850
849 846
849 829
849 848
849 851
850 836
850 865
850 867
850 856
851 853
851 847
851 835
851 863
851 840
851 845
852 865
852 858
852 855
853 855
853 849
853 859
853 852
853 830
853 844
854 857
854 861
854 865
854 864
854 854
854 838
855 845
855 861
855 860
855 849
855 841
855 865
855 848
855 840
855 866
855 844
856 844
856 865
857 841
857 859
857 856
857 849
857 858
857 839
857 995
858 840
858 851
858 829
859 862
859 840
859 848
859 856
859 837
860 841
860 866
861 833
861 830
861 857
862 854
862 859
863 862
863 838
863 931
864 860
864 866
864 830
864 857
864 848
865 831
865 835
865 843
865 847
866 844
866 848
866 862
867 857
867 865
869 881
870 897
872 929
872 932
872 939
873 873
873 934
873 891
874 934
877 902
877 895
878 894
880 961
880 935
880 917
881 994
882 954
882 900
885 930
887 877
888 896
888 925
889 1001
890 877
890 910
891 955
892 892
894 869
894 888
895 883
896 912
897 906
897 939
898 883
898 956
900 951
902 892
903 961
904 933
908 877
908 947
909 872
909 873
909 920
911 869
912 918
912 973
913 908
914 915
914 933
914 969
915 948
916 963
917 932
917 916
921 914
921 981
922 899
924 934
925 912
925 878
927 932
927 885
927 884
930 900
932 963
934 928
938 883
938 944
938 953
939 877
939 878
939 962
940 921
941 948
942 871
942 869
943 898
944 944
944 897
945 908
945 932
946 959
947 945
948 902
948 955
948 959
949 885
949 938
951 940
951 968
952 918
953 882
953 897
953 969
956 939
958 883
959 898
960 944
960 909
961 891
961 948
961 975
963 963
964 981
964 1004
964 977
964 970
964 1001
964 976
965 991
965 992
965 998
965 986
965 995
965 1001
965 999
965 982
965 994
966 975
966 979
966 1004
966 987
966 969
967 965
967 985
967 980
967 1003
967 987
967 983
967 967
967 999
967 968
967 966
967 994
967 977
968 964
968 997
968 978
968 975
968 985
968 976
968 994
969 1000
969 980
969 970
969 975
970 968
970 985
971 965
971 1003
971 998
971 969
971 1000
971 988
971 990
972 981
972 1004
972 980
972 973
972 969
972 974
972 991
972 964
973 1003
973 992
973 986
973 966
973 996
973 980
974 974
974 964
974 966
974 988
974 987
974 994
974 998
974 992
975 966
975 965
975 976
975 998
975 971
975 984
975 981
976 1001
976 973
976 989
976 995
976 975
977 971
977 984
977 983
977 978
977 968
978 976
978 1004
978 971
978 997
978 969
979 978
979 996
980 1003
980 967
980 986
980 988
980 992
980 999
980 1004
980 984
980 965
981 980
981 1004
981 1000
981 992
981 988
982 1000
982 998
982 993
982 965
983 981
983 966
983 1000
983 1001
983 974
984 965
984 989
985 987
985 985
985 972
985 992
986 981
986 968
986 980
987 974
987 973
987 979
987 982
987 990
988 972
988 976
988 980
988 981
988 984
988 992
989 989
989 966
990 965
990 999
990 991
990 970
990 990
990 984
991 998
991 970
991 983
991 969
991 967
991 964
991 974
991 968
991 995
992 980
992 969
992 973
992 965
992 972
992 987
992 995
992 983
993 1002
993 987
993 988
993 990
993 972
993 969
993 977
994 1002
994 972
994 1004
994 981
994 987
994 985
994 1000
994 1001
995 976
995 995
995 1002
995 970
995 968
995 971
995 979
996 1000
996 972
996 993
996 999
996 991
997 969
997 973
997 987
997 986
997 992
997 1004
997 999
997 993
997 982
998 986
998 976
998 1000
998 971
998 982
999 970
999 984
999 966
999 1003
999 969
1000 964
1000 985
1000 994
1000 1002
1001 980
1001 973
1001 985
1001 978
1002 999
1002 968
1002 978
1002 992
1002 988
1002 981
1002 1000
1002 980
1003 985
1003 991
1003 994
1003 1002
1003 968
1003 967
1003 977
1003 971
1004 987
1004 1003
1004 967
1004 992
1004 976
1004 997
1004 995
1004 964
1004 968
1 3 4 9 11 15 16 18 19 21 22 23 25 27 31 33 34 35 38 42 45 47 48 49 54 55 56 59 61 63 73 74 77 78 79 84 86 88 91 92 93 96 97 98 102 104 105 106 109 112 113 114 115 116 117 118 120 121 123 125 126 128 130 131 132 137 138 139 141 143 145 146 147 148 150 151 152 153 154 155 157 158 160 161 162 163 164 166 167 168 171 172 173 174 175 176 178 179 180 181 183 184 185 186 188 189 191 192 197 199 200 201 203 204 205 206 208 209 211 212 213 214 215 217 218 220 222 223 224 225 227 228 229 230 233 234 235 237 238 239 240 241 242 243 244 245 246 247 248 250 251 252 256 257 258 259 260 263 265 266 267 268 269 271 272 273 274 276 278 279 280 283 285 286 287 288 291 293 294 295 296 297 298 299 300 301 302 304 307 308 310 311 312 313 314 316 317 318 319 320 321 322 323 324 326 329 330 332 333 334 335 336 337 338 339 340 341 342 343 344 346 347 348 349 350 351 352 353 354 356 357 359 361 362 363 364 365 366 367 370 371 372 374 375 376 377 378 379 381 382 383 384 385 386 388 389 390 392 394 395 396 397 398 399 400 402 403 404 405 406 408 409 410 411 412 413 414 415 416 417 418 419 421 423 424 425 426 427 429 431 432 433 434 436 437 438 439 440 441 442 443 445 446 447 448 452 453 454 455 456 457 458 459 460 461 462 463 464 465 466 467 468 469 470 471 472 475 479 485 487 491 492 494 497 500 502 504 505 509 511 513 514 523 524 525 526 531 533 534 535 536 537 540 544 550 553 557 560 561 563 566 569 572 577 578 582 583 587 589 594 597 599 601 602 603 605 606 608 609 610 611 612 614 617 618 619 620 624 626 627 628 630 631 634 636 639 640 642 643 645 646 648 649 650 651 653 654 655 656 658 661 662 663 664 665 666 667 668 670 671 674 676 677 679 681 682 683 684 686 688 689 690 691 692 694 696 697 698 699 700 701 702 703 704 706 707 708 711 714 715 718 719 720 721 723 726 728 729 730 731 732 733 734 735 736 738 740 742 744 746 747 748 750 751 752 753 755 756 757 758 759 760 761 762 763 764 765 766 767 768 769 770 771 773 774 775 776 778 779 780 781 782 783 785 787 788 789 791 792 793 794 795 796 797 798 799 800 801 803 804 805 806 807 808 809 810 811 812 813 816 817 819 820 821 822 823 824 825 826 827 868 870 904 934 948 966 968 970 971 976 977 987 988 992 993 995 998
